k1=3;
k2=5;
d1=6;
d2=10;
F=10;
m1=2;
m2=2;


%%
k1=10;
k2=10;
d1=16;
d2=10;
F=10;
m1=20;
m2=20;